35.4694606895
24.4309416651
18.5824890401
10.0698708022
11.3728206349
11.7356843789
16.6956332956
19.0276601127
30.4982379342
11.1181441195
13.5237601962
20.0139226137
6.13955050087
18.0179116881
7.22309619148
13.4479905453
8.95218588279
7.97686282797
10.4112045819
25.0273580776
19.3575092737
19.7431373745
12.5905054802
12.6795906256
10.5939840555
10.8763149826
10.0624742211
15.3824350631
10.5479433776
29.2166328194
18.7209255374
14.6218200878
17.265696585
14.0074546585
23.9430361887
14.6234265647
8.08356226436
17.350560846
15.8920465694
10.2288667489
10.7651675367
12.087650624
11.8506019922
24.5540896861
11.9931773818
13.3401708873
10.1769590549
14.2268483334
10.8469107031
5.68601115096
9.06713916819
8.76643963461
32.7872410219
10.1069793457
8.1814426991
14.4380770481
14.6541790831
10.4374682032
11.0047642187
11.5198895491
22.1410908781
21.5678718399
22.3558083175
11.2412835156
9.00584306718
11.5510461111
8.21161623399
20.0296106486
13.2148356673
7.16743388246
19.05436558
12.4211318076
18.9343363823
13.8944313147
5.69108250731
22.2089135224
12.7529114036
7.47656938798
7.11716364868
16.0362957307
11.3938261748
15.169851339
9.19532660497
14.540783583
12.1184838473
11.1603462969
14.9451302549
8.10780651528
15.5910035431
14.6072483412
21.4878491509
10.8654357244
29.8734166193
15.6257934369
8.13701035393
9.70312028231
10.0071995568
3.99128608456
21.145977011
15.9415675339
16.027025287
20.7803497808
26.1276048156
25.5395261315
10.9843718744
13.7071509194
10.0493825391
8.67634140329
22.7116389211
19.4177467581
9.85276899581
19.5487437281
8.01537371682
22.5096211526
7.87094447749
33.130989656
17.8086755763
5.8979045703
29.0486956883
16.7949871759
15.9113593449
21.448007572
7.3603193645
10.3376638711
18.8873614323
20.0207633005
26.8939363701
14.9647871597
20.1785895462
9.52312826354
4.91418126968
9.56830854338
18.5894920282
25.7789653344
28.660857684
11.7665781798
12.3118648462
22.0503740136
31.7503373736
15.3997514184
5.77199361914
15.5611257904
24.1754476796
9.09116224457
15.0386008452
7.26620881391
33.6352033485
14.0073794943
16.7571523399
25.0406493257
8.8186965692
9.88797959661
10.5994098139
21.6902845722
27.6968485117
15.4521296444
8.51409058352
20.9275221094
22.1014913893
21.4657547151
21.1548565134
7.22721755899
15.2043624641
5.85773902943
20.2046611582
34.7877124359
24.5721841994
31.1232703774
21.4976911858
8.94775229419
10.816651005
4.33056968201
15.1520995445
11.1884131032
13.5550201463
17.1663568463
8.15075919705
24.3707590962
16.2741557241
6.36090984146
12.8552378863
14.3706504544
9.4661805346
9.30913180686
11.3868875952
14.4414331933
16.5277513577
8.40835896524
12.913991606
11.4167211675
9.37142021498
9.47872228454
18.8261896049
10.694139348
26.459417398
7.87152919275
14.5473847756
21.2960195055
12.9439362811
21.4974179159
7.33451931929
12.0693491727
29.3411852413
10.0388288063
12.2428418479
15.6321263046
20.843506956
11.6494146765
19.0495665654
8.47563493989
7.93537934577
17.9947400355
17.5175240106
14.1715024586
11.2007531458
24.4914560796
31.1130093071
8.63668959883
9.6667028843
11.8476813643
11.8585643868
10.3407653006
9.20028440616
33.5205962222
7.85898887945
8.07908497756
10.2393117864
9.95134571886
20.9957634422
5.04614384791
11.8491501387
17.5841673643
7.21930140912
8.8407801302
8.33442172254
12.0481732135
11.461899377
6.20711606102
26.162959069
19.6713436622
11.7000293177
19.603759156
6.23919781835
31.7079723069
26.77586754
15.2054101652
29.0592834662
12.0980024722
14.9218351194
12.4379594421
11.5708630809
12.4167429945
9.84050820876
12.7532709451
6.98970200674
7.34043881053
17.9960670413
17.7427189897
27.4868354498
13.2505608206
11.1235782701
20.0823408755
33.3307254025
7.61715795267
21.7948790809
17.5188845512
23.4476644626
19.4485106852
15.0746327522
21.6240071857
13.4136836999
11.4045455704
14.5814839671
10.1162240884
7.88793996318
18.9219782202
22.5912064721
7.3323933548
12.3465359791
9.13199838317
15.5946639105
12.1501845106
16.9445290708
13.9547182479
13.5651605343
12.8469549111
13.424338349
8.82486371592
15.8128898482
22.8379967747
10.5706488421
22.3082302079
13.9000661066
14.9107677083
15.9874036796
11.600788458
12.8087694645
12.0852007947
18.9090761705
13.4192144846
13.2681029828
21.5926165359
13.1088389854
16.2807504647
10.6089133161
7.40074010705
8.17722007167
15.9279675268
15.0660522831
17.5879347628
16.2083949437
27.0497080676
17.3499795259
17.841241717
15.2622791321
14.4521357347
7.51784833034
8.71099005029
10.0014586339
11.967454646
18.2999253569
14.3353510183
10.9357873938
7.09386964941
14.7036713875
30.6790538593
16.3358917309
13.8864050378
11.1280808201
5.89316008479
18.1027746276
18.1670587247
27.4873750317
19.1567326994
8.18688636402
13.5885019279
17.6389027406
8.08640453814
21.2450505495
24.3540424728
7.68012957305
11.9204535881
4.16002466415
13.5600848179
15.7182267635
8.75365524239
9.53335337959
13.4110869816
15.7017149942
12.01921641
21.8687770166
16.3878123704
15.7563579987
17.4306312076
11.7600989264
14.6272158778
18.84403827
10.0800476606
12.759893431
17.3582735854
20.6180400781
10.9869348791
9.04389042617
16.3356544766
21.6366104974
11.6711618392
13.0910280444
7.26917441024
11.8720481014
21.3135552914
8.28767807713
10.9084683761
16.0526097348
8.5491839817
16.9857584821
10.8305731754
11.2014393835
8.0594202118
11.697549834
32.4980242789
20.8909792474
20.3342416696
8.82065416051
15.4691549229
18.4583766871
22.8049618325
7.77877682521
11.9581860966
16.6798741207
9.36671875456
8.321356852
7.90167176147
10.281908936
13.5999368554
14.3974884598
11.7080471959
16.3789244164
31.0758516718
31.6232282421
21.7806867529
19.2106579128
16.9492894207
6.26675610309
12.020980931
6.33912106459
7.78456627218
12.2753245884
26.5487981664
19.0725271399
7.74996136071
6.63084412968
14.9429656049
13.1147217242
20.1465494159
11.7967766966
19.9243028545
12.2674206239
8.71461087766
20.1659739142
8.36522137848
16.6921956175
8.02773721663
10.1474251774
28.1632454805
8.920130357
11.4946595106
14.0542657099
8.11098268776
14.5710549828
29.2143880434
13.5232671223
14.6389000201
4.72856564281
19.25375924
18.279015455
16.3840605152
16.2858472546
8.95836162711
13.9173498538
7.37382368631
22.8183425737
6.44044501337
15.030535326
13.2741479173
13.761007446
14.9060626708
20.8944286459
18.3559272029
8.14599244986
14.9463237414
6.53251117412
27.9125657747
27.1624087252
26.3308882081
20.0182251861
30.4385587598
13.7093192599
21.433145598
12.2998167443
7.27531223741
13.5277266992
12.7737349449
24.0212587935
11.3776275618
12.7911478905
13.8847863678
27.0055807492
17.8346405026
4.00298341118
8.70422509738
11.818375998
12.6312566683
26.9925097213
11.2948085641
35.1753559195
10.4246330215
12.4020072543
7.58393357245
8.734272801
17.2589910544
24.2615813296
31.965723754
16.0476908416
16.2517783732
32.08176847
12.9422286233
8.77007193141
11.6290866683
12.6234250739
27.6096701226
21.2324088494
17.9906668308
12.9372877021
26.354034914
16.4024642209
15.8532503375
20.0692146449
16.5041350761
17.1650919269
16.8537355171
18.0447746343
15.0599753136
19.2059297306
17.6970016785
13.5419789127
20.9596016451
22.4266252862
25.3959585744
10.5660690508
6.50656031621
15.1278698933
18.6517862319
7.89160295224
16.6757075902
11.6312029297
11.609867871
24.8756698442
24.1179606391
16.3163122641
21.2580149177
14.9311295336
2.98042683303
19.6404703964
7.69645058209
24.0003484065
24.9489713591
8.61103286981
32.1335523331
8.23185259931
15.3539373759
17.4271353816
33.6823450224
18.7553036119
19.8311383398
6.45475042899
16.356763163
11.9507286712
12.3417070847
7.68424261289
17.920887342
17.3527056692
27.0177068223
8.17419284021
10.8020473518
15.1140843876
13.4107189066
5.6792264014
9.14220113615
6.40774116839
18.1002381704
10.0418888136
10.8279072793
15.4713549338
9.44585488453
8.75828203887
21.9961648546
21.665521836
14.6361239913
19.8637448477
6.76115174453
17.7177536027
7.49956638354
16.8028768347
31.2792148595
12.9257015665
15.8180867454
15.3098401309
18.7924178397
3.83848384708
29.5762884071
15.9254138072
16.1399169058
12.3944383023
2.92249018267
11.8428378194
7.26190812396
12.4729419058
17.0915914285
7.40709620281
10.6383927254
13.4318824559
16.7897641198
15.1963116236
25.909004019
14.649701508
11.4551045996
10.108081387
15.8135590331
16.1742638634
14.7260397578
19.3476732063
22.2716494043
8.27305018569
16.8954520161
15.163505029
21.1973332005
18.4507251959
8.7047194385
14.807719429
12.6545867204
20.5257659509
19.60388525
12.7893160339
11.9709030884
6.81099187274
3.90587840029
9.55681006996
15.15366793
8.93419153826
19.1954587652
12.7452694962
26.8070634786
22.9261709399
23.7942202434
9.0777022613
14.0255145137
9.75279391435
21.6673036139
16.8660304215
11.8477270852
10.9937664056
6.06460629084
12.3730220563
5.72721461477
18.9148046891
9.34195224984
18.0038117505
14.0585942927
8.89103260681
13.6329971782
21.7085709904
20.4024226527
6.41627514458
8.0270538649
19.7547369962
9.79561722513
10.9921226039
3.68934688546
5.10834681814
13.7743968575
13.4020198382
24.4981987739
10.964057462
20.9952561606
6.6346322339
8.24579906434
11.1157736935
15.2230612036
8.95878318426
9.10329667626
12.8277181916
9.85914091627
11.5503327557
19.9473764478
15.6849158845
12.3746202199
18.7392677618
10.3691043878
14.7572034929
8.80009810653
13.9789859553
16.7689520813
10.2584677354
8.50983936557
4.33799746956
14.1700412695
14.6627404131
26.3187506493
12.6215888221
33.6577986819
9.27589051118
9.62212378393
31.0631091175
8.51581807049
22.7028534696
18.3194504395
7.35055421569
4.63104718751
13.2400492604
9.24322509101
17.2239563647
26.7735594632
16.030618934
12.7351256729
10.8372477184
8.88701750871
