-0.101046 -0.0426641 0 0 0 6.5405 
-0.0507275 -0.0308169 0 0 0 1.30602 
0.0344952 -0.0264247 0 0 0 -0.13321 
-0.0187304 0.035468 0 0 0 -14.4859 
-0.0247138 -0.00210681 0 0 0 15.3637 
0.0043524 -0.0432279 0 0 0 16.458 
0.0296021 0.0507057 0 0 0 -1.4317 
0.00152526 0.0618626 0 0 0 0.605154 
-0.0663484 0.0639895 0 0 0 -10.1348 
-0.0145846 -0.0236366 0 0 0 -6.28503 
-0.0295283 -0.0485584 0 0 0 -7.55541 
0.0303382 -0.0559828 0 0 0 -14.9858 
0.00680462 -0.0198314 0 0 0 -3.66759 
0.0325025 -0.00225443 0 0 0 -5.0911 
0.00804644 -0.00405425 0 0 0 6.95651 
0.0259953 0.0034316 0 0 0 12.3731 
0.00410174 0.0158106 0 0 0 3.91629 
-0.0176065 0.00240359 0 0 0 -0.00153632 
-0.0232138 0.0186127 0 0 0 -4.76242 
0.0466701 0.01751 0 0 0 0.877258 
0.0350595 0.0230688 0 0 0 8.28422 
0.00916243 0.0805537 0 0 0 -15.0285 
-0.00690247 0.047648 0 0 0 -3.72296 
-0.0288338 -0.00262824 0 0 0 -5.88836 
0.00999146 0.0346827 0 0 0 -7.54444 
0.00454506 0.0355963 0 0 0 -3.92499 
0.0179168 0.0144988 0 0 0 -7.60354 
0.0200504 -0.0182356 0 0 0 -4.96247 
-0.0204045 0.0242465 0 0 0 3.02626 
0.0575659 0.0127984 0 0 0 -12.3637 
0.0343864 -0.00216559 0 0 0 -4.27025 
0.0187083 -0.0311162 0 0 0 -15.7485 
0.0329259 0.013891 0 0 0 -8.44623 
-0.000765491 0.0557747 0 0 0 -6.09461 
0.0490871 -0.0333064 0 0 0 -2.8026 
0.0242836 0.0353948 0 0 0 5.5859 
-0.00318647 -0.0071393 0 0 0 13.8886 
-0.0405017 -0.0163586 0 0 0 -3.08982 
0.0238813 0.0490535 0 0 0 -6.2776 
0.00295072 -0.0578563 0 0 0 -0.475295 
-0.019648 0.0132464 0 0 0 -14.4991 
-0.0200503 0.000964406 0 0 0 -8.73905 
-0.0239271 0.00374419 0 0 0 -13.8069 
0.0453437 0.0175985 0 0 0 1.31497 
-0.0179154 -0.0294359 0 0 0 10.3354 
0.0239508 0.00851733 0 0 0 -1.52881 
-0.0186196 0.0270352 0 0 0 -8.66706 
0.0260074 -0.00705297 0 0 0 5.26198 
-0.0051538 0.037236 0 0 0 -0.548317 
0.0053114 -0.02127 0 0 0 -3.18937 
0.00384722 -0.0540245 0 0 0 -4.73472 
0.010643 0.0272041 0 0 0 -7.48601 
0.0803943 -0.00271423 0 0 0 10.0329 
0.00988598 0.0116143 0 0 0 10.5588 
-0.0122584 -0.0125323 0 0 0 2.94657 
0.026006 0.0125643 0 0 0 4.10088 
-0.00272209 -0.0629831 0 0 0 14.188 
-0.0165225 -0.0244967 0 0 0 13.5506 
-0.0063076 -0.0591256 0 0 0 -1.56847 
-0.0174144 -0.000530344 0 0 0 -10.1022 
0.0306264 0.0392154 0 0 0 33.2504 
0.0402258 0.0118345 0 0 0 -5.24535 
0.0395888 0.0351702 0 0 0 10.8378 
0.00291933 -0.0600117 0 0 0 5.87822 
-0.00884083 -0.020841 0 0 0 9.87499 
0.0148343 0.0114844 0 0 0 12.2898 
-0.00640382 0.0247135 0 0 0 1.41829 
0.038383 -0.0307628 0 0 0 -2.12883 
0.0154581 0.024423 0 0 0 11.3898 
-0.00808035 0.0227533 0 0 0 -3.87634 
-0.0281138 0.0468981 0 0 0 18.5603 
-0.00168748 0.0375176 0 0 0 -0.155881 
-0.0457223 -0.0458211 0 0 0 -20.0848 
0.0248576 0.010781 0 0 0 1.12865 
-0.00352239 0.0137126 0 0 0 2.05718 
-0.0512696 0.0118949 0 0 0 12.7377 
-0.0229575 -0.0176108 0 0 0 -12.3282 
0.00793748 -0.0201636 0 0 0 -7.59711 
0.00798385 -0.0147875 0 0 0 -1.76303 
-0.0286126 -0.0226605 0 0 0 7.54085 
-0.00418839 -0.0550171 0 0 0 8.9767 
-0.01828 0.0188921 0 0 0 15.601 
-0.00956604 -0.0285282 0 0 0 -6.15854 
0.024998 0.0311592 0 0 0 5.74281 
-0.0177159 -0.0150441 0 0 0 -3.53302 
-0.0273317 0.0117191 0 0 0 5.31414 
0.0212404 -0.0232744 0 0 0 -3.2334 
-0.00851984 0.0230443 0 0 0 2.1385 
0.0266675 -0.0039611 0 0 0 -13.7854 
-0.0192076 0.0212424 0 0 0 13.6678 
0.0430005 -0.046345 0 0 0 -0.202668 
-0.017017 -0.0269237 0 0 0 17.1019 
0.059863 0.0312644 0 0 0 4.01579 
-0.0256012 -0.0313178 0 0 0 3.51886 
-0.0120957 0.03825 0 0 0 -12.365 
-0.000280973 -0.0257659 0 0 0 17.3825 
-0.00913648 0.0215265 0 0 0 5.96693 
-0.00470724 -0.00243964 0 0 0 -5.14032 
0.0436969 -0.0160432 0 0 0 18.5987 
0.0244525 -0.0206274 0 0 0 -1.07055 
0.0287188 -0.00812597 0 0 0 16.2739 
-0.0484325 -0.0121073 0 0 0 8.28766 
-0.063688 -0.00202183 0 0 0 -4.31271 
0.0500095 -0.0116249 0 0 0 -1.29046 
0.0204618 0.0179338 0 0 0 -8.63095 
0.0245823 0.00954816 0 0 0 -11.3921 
-0.0257575 0.0234771 0 0 0 -8.46978 
-0.00520398 -0.0237357 0 0 0 6.12244 
-0.025148 -0.0927882 0 0 0 -15.3369 
-0.0449059 -0.0162464 0 0 0 0.289479 
-0.0228917 0.000445597 0 0 0 3.06513 
-0.0407012 -0.0203582 0 0 0 8.51449 
-0.00614577 -0.00661487 0 0 0 -13.1057 
0.0396903 -0.00255081 0 0 0 -20.1205 
-0.00719627 -0.00610624 0 0 0 -12.8706 
0.0703981 -0.0462014 0 0 0 -18.429 
0.034606 -0.0495221 0 0 0 -4.43033 
-0.00926405 0.0147279 0 0 0 -6.4144 
0.0610661 0.0622036 0 0 0 -6.16022 
-0.016741 0.0479625 0 0 0 7.03207 
-0.0402309 -0.0397802 0 0 0 -6.1963 
0.0398887 -0.0225172 0 0 0 -11.9931 
0.00696385 -0.0186491 0 0 0 -8.67691 
-0.02184 0.0163409 0 0 0 -3.92611 
-0.0403242 -0.0430366 0 0 0 -0.313679 
0.0404672 0.0367492 0 0 0 -15.7535 
-0.0628451 0.0306366 0 0 0 -3.40311 
0.0299505 0.00503205 0 0 0 10.8381 
0.0351961 0.029352 0 0 0 4.32673 
0.0146689 0.0112855 0 0 0 -15.4087 
0.00347881 -0.0136789 0 0 0 -5.76422 
-0.0152886 0.0265936 0 0 0 -11.186 
0.0337439 -0.0389693 0 0 0 0.0485313 
0.0514762 0.0330328 0 0 0 -1.05255 
0.0632419 0.0355077 0 0 0 -10.1774 
0.0151242 -0.00359867 0 0 0 21.6803 
0.00155372 0.0142913 0 0 0 13.8495 
0.0415983 0.00988949 0 0 0 1.81526 
0.0691734 0.026745 0 0 0 12.6913 
-0.0226135 -0.0371141 0 0 0 5.55943 
0.00519782 -0.00852003 0 0 0 6.12405 
-0.0281238 -0.0205424 0 0 0 5.12868 
0.0492822 0.00134224 0 0 0 10.888 
-0.00953379 0.00227486 0 0 0 13.5402 
-0.00100118 0.0310216 0 0 0 8.20523 
-0.00881325 0.0298396 0 0 0 -8.20483 
0.0878656 -0.0341659 0 0 0 2.2708 
-0.0294692 0.0196921 0 0 0 8.18584 
-0.0385899 0.0348899 0 0 0 -28.7357 
0.0488703 -0.0359542 0 0 0 -18.8672 
0.0154116 0.00665219 0 0 0 -3.39639 
-0.0165265 0.00837729 0 0 0 -8.12306 
-0.0133002 -0.0310712 0 0 0 -7.3205 
-0.054968 0.00414535 0 0 0 -7.84919 
0.053633 -0.0580719 0 0 0 -2.52633 
-0.0270778 -0.063022 0 0 0 -7.11704 
0.00915168 0.00354241 0 0 0 9.8348 
0.0381241 -0.0041942 0 0 0 -1.3126 
0.0415844 -0.0220235 0 0 0 -4.83116 
-0.0398952 0.0291539 0 0 0 14.4787 
-0.0501842 -0.00680134 0 0 0 3.55844 
0.00843403 -0.012678 0 0 0 1.62044 
0.0135026 -0.0660416 0 0 0 18.5272 
-0.00902 0.0146684 0 0 0 -5.18138 
-0.0509951 0.0142549 0 0 0 0.13298 
-0.100264 -0.0516394 0 0 0 11.7446 
0.0457933 -0.00212653 0 0 0 -0.333913 
0.0765392 0.000795051 0 0 0 18.2439 
-0.0422581 -0.0398428 0 0 0 4.57747 
-0.00552858 0.0100392 0 0 0 -17.7506 
-0.0155185 -0.0233865 0 0 0 -4.1948 
0.00361685 -0.00623769 0 0 0 -3.47452 
-0.0382228 -0.044099 0 0 0 -9.36298 
0.0149763 -0.00994397 0 0 0 -0.863822 
-0.0305643 -0.00712579 0 0 0 -13.1806 
0.0299015 0.0423097 0 0 0 3.30372 
0.00669733 0.0191708 0 0 0 -17.702 
0.0442622 0.0277747 0 0 0 4.4225 
0.0301135 0.0448472 0 0 0 -8.99246 
0.00796114 -0.00978052 0 0 0 -9.49258 
-0.015357 -0.0351657 0 0 0 6.97656 
-0.0350281 0.00956442 0 0 0 9.72697 
0.0068748 -0.00678866 0 0 0 13.6487 
-0.00323369 0.0436773 0 0 0 -11.1883 
-0.0295181 0.0112472 0 0 0 -2.48856 
-0.0279919 -0.0162921 0 0 0 23.8991 
-0.0411677 0.0269919 0 0 0 -1.16387 
-0.0136689 0.0189664 0 0 0 -4.83724 
-0.0327492 0.0246171 0 0 0 -1.61836 
0.0125841 -0.0372836 0 0 0 -5.90295 
-0.00442405 -0.0430338 0 0 0 -0.655245 
-0.0229161 0.0149355 0 0 0 5.96565 
-0.00761238 0.0532682 0 0 0 7.44229 
-0.0139477 -0.0421679 0 0 0 -1.56565 
0.052737 -0.0346714 0 0 0 -17.7425 
-0.0060322 -0.0255714 0 0 0 3.46682 
0.0218839 0.0139703 0 0 0 19.9974 
0.0309376 -0.049252 0 0 0 21.1423 
-0.0149877 -0.043585 0 0 0 -15.5816 
0.0363302 -0.031305 0 0 0 -20.7177 
0.00762156 0.0228237 0 0 0 -6.38586 
-0.0170424 -0.0265548 0 0 0 -2.51097 
-0.0620109 -0.0181705 0 0 0 24.1964 
-0.0116943 0.0365159 0 0 0 -2.32432 
-0.0234602 -0.00462227 0 0 0 -3.08933 
-0.0246679 -0.0322687 0 0 0 9.05625 
0.0269408 -0.0683227 0 0 0 17.48 
0.0210769 0.00986141 0 0 0 -14.9356 
-0.0230538 0.0475041 0 0 0 12.0159 
0.00207596 -0.0384021 0 0 0 -0.632568 
0.00161007 -0.0299858 0 0 0 -7.93183 
0.032837 0.0164146 0 0 0 -2.07459 
0.0291656 -0.00049779 0 0 0 -22.3391 
-0.0279337 -0.0123075 0 0 0 3.53693 
-0.00984452 0.04508 0 0 0 -20.4614 
-0.052472 0.0408218 0 0 0 1.59894 
-0.0760182 0.021722 0 0 0 5.10458 
-0.0064261 -0.00576122 0 0 0 -13.365 
0.0106685 -0.027771 0 0 0 -4.4792 
-0.00767569 0.0268791 0 0 0 4.85348 
-0.0198493 0.00480461 0 0 0 -8.68423 
-0.016404 0.0128439 0 0 0 -9.71467 
-0.0148158 0.0222256 0 0 0 -3.28665 
0.0902899 0.004937 0 0 0 14.5649 
-0.0149823 0.0156078 0 0 0 3.9199 
0.0106138 -0.0165672 0 0 0 -5.80177 
0.00580344 0.0129659 0 0 0 9.12296 
-0.0193626 0.0206401 0 0 0 -1.52839 
0.0440302 -0.0313404 0 0 0 6.4423 
-0.00582653 0.013259 0 0 0 -3.64007 
0.0114016 0.0265584 0 0 0 -0.924465 
0.0293548 -0.00556993 0 0 0 -16.5316 
0.00986706 0.0182004 0 0 0 -8.15129 
0.00294243 0.0233684 0 0 0 -20.9951 
0.0118856 0.0118316 0 0 0 -13.757 
-0.0204831 0.00277616 0 0 0 -12.2019 
-0.00758775 -0.0539825 0 0 0 0.99405 
0.00028853 -0.0100255 0 0 0 -8.70162 
0.050431 0.0245549 0 0 0 -7.1486 
-0.0431745 -0.0166657 0 0 0 -2.06561 
0.00778444 -0.0415102 0 0 0 -11.0331 
-0.0391181 0.0144392 0 0 0 16.4112 
-0.00144122 0.00712912 0 0 0 3.31093 
-0.0818543 0.0557313 0 0 0 5.64716 
-0.0533044 0.0747585 0 0 0 -5.18821 
0.0234559 -0.034459 0 0 0 6.64608 
-0.0631027 -0.0184116 0 0 0 -4.44177 
0.0215946 0.0195772 0 0 0 -6.42422 
-0.0303368 -0.0142812 0 0 0 -23.6054 
0.0154683 -0.0441256 0 0 0 7.28587 
-0.016206 0.00136901 0 0 0 -20.2157 
-0.0266131 0.00442266 0 0 0 -8.15433 
0.0095715 -0.0130786 0 0 0 10.3158 
-0.0353817 -0.000556278 0 0 0 -9.36442 
0.00180213 -0.0183058 0 0 0 4.39086 
-0.00855566 -0.0127137 0 0 0 -0.588426 
0.0299731 0.0240559 0 0 0 6.38505 
-0.0387586 0.0188715 0 0 0 11.4144 
-0.0619365 -0.0942381 0 0 0 6.59931 
0.00837932 -0.0495857 0 0 0 14.4501 
0.00926118 -0.0244573 0 0 0 12.0585 
0.0453625 -0.0419262 0 0 0 20.2504 
0.0839375 -0.0114496 0 0 0 8.79664 
0.00924915 -0.00825683 0 0 0 -3.2213 
0.0385444 0.00512977 0 0 0 -13.0988 
0.0317061 0.00550159 0 0 0 -9.03122 
0.0379284 -0.0732464 0 0 0 -13.2199 
-0.044569 0.0326078 0 0 0 -1.13162 
0.00816466 0.0363007 0 0 0 3.11118 
-0.0455615 -0.0435886 0 0 0 1.77938 
0.0239303 0.0179701 0 0 0 0.0647729 
-0.00531023 -0.0561707 0 0 0 5.261 
0.024745 -0.000194547 0 0 0 -4.48806 
-0.0166237 0.0276116 0 0 0 -3.24163 
-0.00641923 0.0251299 0 0 0 -2.67342 
0.0309272 -0.00770604 0 0 0 -10.6589 
-0.0480672 -0.0145161 0 0 0 11.3637 
-0.0105921 0.00255444 0 0 0 -8.91202 
-0.027489 0.0097499 0 0 0 -0.187972 
-0.020103 0.00125939 0 0 0 1.4324 
0.0243535 -0.0154943 0 0 0 8.93291 
-0.015087 -0.0349627 0 0 0 0.777723 
0.0291225 -0.0242964 0 0 0 1.43409 
0.00959717 0.0144945 0 0 0 15.8856 
0.0221674 -0.00859516 0 0 0 9.36869 
0.00747158 0.0276137 0 0 0 2.02812 
-0.0312269 -0.00896188 0 0 0 11.7691 
0.0143327 0.00185853 0 0 0 0.641301 
0.0287752 0.00942073 0 0 0 -10.0169 
-0.047509 -0.0179281 0 0 0 13.5848 
-0.0234104 0.0147466 0 0 0 2.31195 
0.0384905 0.0132424 0 0 0 7.6213 
-0.0354067 -0.00170204 0 0 0 -6.08527 
0.00789021 -0.0525589 0 0 0 27.8039 
0.029001 0.0303338 0 0 0 -0.644934 
-0.01837 -0.00894682 0 0 0 -3.76254 
-0.0277016 -0.00252746 0 0 0 -0.633106 
-0.0235183 -0.00868101 0 0 0 0.6309 
0.032519 0.0276631 0 0 0 1.93706 
-0.0121071 0.0292161 0 0 0 7.92106 
0.00113329 -0.0158285 0 0 0 -22.049 
0.0381886 0.00992728 0 0 0 1.5004 
0.013722 0.0552854 0 0 0 -17.4152 
-0.0336709 -0.045638 0 0 0 -13.9784 
-0.0114708 -0.0291313 0 0 0 6.8219 
-0.0119914 -0.00806004 0 0 0 8.54156 
-0.0140909 0.0135379 0 0 0 0.099811 
-0.0021025 0.025586 0 0 0 15.6456 
0.0172841 0.0374729 0 0 0 3.49171 
0.0294574 0.0031372 0 0 0 2.65351 
-0.0138558 0.0392621 0 0 0 6.57921 
0.0584346 0.00986627 0 0 0 -24.5761 
0.0162602 -0.0150708 0 0 0 -33.7609 
0.033881 0.0124641 0 0 0 -12.3785 
-0.0372965 0.00120549 0 0 0 0.548291 
0.022729 0.0269989 0 0 0 5.93156 
0.00949679 -0.0074793 0 0 0 5.16966 
0.00609912 -0.0241623 0 0 0 -8.79992 
0.000872625 -0.0228859 0 0 0 13.9383 
-0.0265699 0.00637763 0 0 0 6.49022 
0.0309841 0.010335 0 0 0 2.86052 
-0.0331047 0.0248407 0 0 0 1.26077 
-0.0223903 -0.00780158 0 0 0 3.00511 
-0.00895375 -0.0068983 0 0 0 6.33327 
-0.0406285 0.00464382 0 0 0 -14.0223 
-0.0594308 0.0131337 0 0 0 -37.334 
0.0042396 0.0220242 0 0 0 18.0695 
0.0204944 0.0262546 0 0 0 1.82298 
-0.0140649 -0.0413913 0 0 0 -6.1837 
0.00785372 -0.00379608 0 0 0 -1.44527 
-0.0463676 0.00675557 0 0 0 4.55221 
0.00742832 0.0399384 0 0 0 16.7727 
0.0514854 -0.0291542 0 0 0 -10.7606 
0.0327634 0.0184353 0 0 0 1.85387 
0.00120806 0.0191969 0 0 0 -0.189741 
0.0139126 0.0126704 0 0 0 15.6367 
0.0292452 -0.0423676 0 0 0 3.93631 
-0.0100612 -0.0134766 0 0 0 -3.68176 
0.0350615 0.067267 0 0 0 -11.3647 
0.0434406 0.015058 0 0 0 11.6119 
-0.0101416 -0.00989428 0 0 0 9.34549 
-0.0173802 -0.0041464 0 0 0 -11.3083 
0.00107916 -0.000210581 0 0 0 2.86355 
-0.0134982 -0.0414077 0 0 0 13.9068 
0.0226667 0.0418291 0 0 0 -0.118582 
-0.00690993 0.0240314 0 0 0 1.57428 
0.0107845 -0.0259402 0 0 0 3.25265 
-0.0213709 -0.0118896 0 0 0 -20.019 
-0.0247311 -0.0339634 0 0 0 3.23358 
-0.00805852 0.0115672 0 0 0 -25.9326 
0.0379288 0.00180506 0 0 0 -14.9745 
0.0252623 0.0504548 0 0 0 -9.37924 
0.00157883 0.0352006 0 0 0 6.24844 
-0.012479 0.0516529 0 0 0 3.52111 
0.00294659 0.0214251 0 0 0 3.75572 
-0.0304581 -0.00832994 0 0 0 4.93156 
0.0333131 -0.00171987 0 0 0 -3.19395 
-0.0126572 0.0198388 0 0 0 -15.8805 
-0.0283117 0.0313533 0 0 0 -23.9995 
-0.0291869 0.0297285 0 0 0 9.2805 
0.0362274 -0.0266652 0 0 0 16.6506 
-0.0197106 0.0357476 0 0 0 -16.5468 
-0.0133827 0.00476399 0 0 0 -11.4917 
-0.0389831 -0.0229781 0 0 0 -7.56775 
0.0391072 0.00406397 0 0 0 3.45468 
0.0124676 -0.012701 0 0 0 15.6804 
-0.0243307 -0.00989036 0 0 0 -2.26611 
-0.00542736 -0.0183035 0 0 0 3.22 
-0.00125652 -0.0189521 0 0 0 -19.8761 
-0.00621381 0.0837902 0 0 0 1.22724 
-0.0114893 0.0197453 0 0 0 -4.41174 
0.00319827 0.020714 0 0 0 2.26785 
0.0284591 0.00435559 0 0 0 8.57749 
-0.00506226 -0.00955372 0 0 0 -11.3274 
0.0214401 -0.0438681 0 0 0 -7.64939 
-0.0160673 0.0273401 0 0 0 -13.5498 
-0.000431882 -0.0373805 0 0 0 14.3986 
0.00394532 -0.0255858 0 0 0 -8.68914 
-0.0300693 0.0269774 0 0 0 -6.47166 
0.077998 0.0227197 0 0 0 -6.77227 
0.0353204 -0.0162031 0 0 0 -13.5558 
-0.00858924 0.0897867 0 0 0 -4.88643 
-0.0149121 0.00618539 0 0 0 -4.20875 
0.0219892 -0.0302058 0 0 0 0.0917104 
0.0313592 0.00784253 0 0 0 1.48325 
0.0415971 0.00685411 0 0 0 -2.77863 
-0.00628804 -0.00512346 0 0 0 9.19836 
0.0143783 -0.0136985 0 0 0 12.6066 
0.0310112 0.0170613 0 0 0 -1.72981 
0.0146244 0.0192198 0 0 0 -2.87382 
0.00650767 0.0302025 0 0 0 -14.8233 
-0.0178389 -6.70558e-006 0 0 0 5.18071 
-0.00665239 -0.0459838 0 0 0 0.63443 
0.0159402 -0.0515894 0 0 0 5.97339 
-0.0129106 -0.00650973 0 0 0 26.6268 
-0.00239022 -0.0522412 0 0 0 -16.1866 
0.0238713 0.0433156 0 0 0 2.40891 
0.0618334 0.0344545 0 0 0 -2.96365 
0.0645872 0.035308 0 0 0 -2.7369 
0.0434383 -0.0344724 0 0 0 0.682754 
0.0355506 -0.0181954 0 0 0 -2.64134 
0.0292149 -0.0298051 0 0 0 7.06163 
-0.0090434 -0.00283548 0 0 0 1.6551 
-0.0173231 -0.0166485 0 0 0 -3.66296 
-0.00656419 0.0144018 0 0 0 -0.398085 
0.0105606 -0.00199785 0 0 0 -3.35036 
0.00948317 -0.0601299 0 0 0 5.49381 
0.0328084 0.0780205 0 0 0 6.96161 
0.0244222 -0.0286674 0 0 0 19.8889 
0.00543816 0.0220319 0 0 0 -15.9866 
0.00374188 -0.0198484 0 0 0 -2.75614 
0.0261469 0.018559 0 0 0 -3.3251 
0.000814951 0.0175675 0 0 0 11.672 
0.00509828 0.0668777 0 0 0 4.3811 
-0.00931751 -0.0420856 0 0 0 5.65491 
0.0363035 0.0193181 0 0 0 14.1675 
0.0152545 0.0172458 0 0 0 -23.5386 
-0.0114667 0.014986 0 0 0 -13.4167 
0.0465309 -0.0338654 0 0 0 19.7928 
0.0110322 0.0229935 0 0 0 -16.8116 
-0.0451568 -0.0214909 0 0 0 -14.0957 
-0.0108386 0.018647 0 0 0 -6.55647 
0.0105575 -0.00377995 0 0 0 12.1228 
0.0522571 0.0100639 0 0 0 -10.2682 
0.0126804 0.00621327 0 0 0 2.29701 
-0.0140859 -0.0393419 0 0 0 -4.15047 
-0.0254901 0.00811584 0 0 0 15.1289 
-0.0149171 -0.000782878 0 0 0 -1.88011 
-0.00428549 0.0302782 0 0 0 6.46607 
0.0571764 -0.030202 0 0 0 0.80186 
0.00542874 0.0428138 0 0 0 -4.34252 
-0.034019 -0.00465506 0 0 0 -2.87071 
0.000440451 0.00560798 0 0 0 1.02746 
0.0344961 -0.0138461 0 0 0 0.455035 
-0.0436493 -0.0104769 0 0 0 -5.47798 
0.0271892 0.0211804 0 0 0 12.6955 
0.0090539 0.0463157 0 0 0 -0.259783 
-0.0119989 -0.0115037 0 0 0 -5.30869 
-0.00327439 0.0258037 0 0 0 6.69731 
0.00860844 0.0153325 0 0 0 -6.2523 
0.0422747 0.0121018 0 0 0 11.9395 
0.0047041 -0.0131066 0 0 0 -4.02677 
-0.0264133 -0.0202376 0 0 0 1.818 
-0.0314044 -0.00930853 0 0 0 -8.92295 
0.0150127 -0.0163934 0 0 0 -17.0339 
0.0266451 0.0206056 0 0 0 0.930206 
0.0371856 0.010084 0 0 0 -1.40881 
0.0347456 0.00224886 0 0 0 23.1581 
-0.00570443 -0.000231475 0 0 0 8.88707 
0.0127544 0.0408022 0 0 0 -3.90189 
-0.00860431 0.0140462 0 0 0 -4.14162 
0.048993 0.0731207 0 0 0 -1.1178 
0.051056 0.0235997 0 0 0 -5.47121 
0.0495475 -0.0122498 0 0 0 -5.5918 
-0.00535353 0.0666083 0 0 0 4.04279 
0.0586324 0.0140183 0 0 0 9.65454 
0.0224851 0.0178767 0 0 0 0.698149 
-0.0376578 0.0415806 0 0 0 5.22791 
-0.0163561 -0.044808 0 0 0 -4.74388 
-0.0064348 0.0139014 0 0 0 2.59352 
0.0202985 -4.28154e-005 0 0 0 -6.99407 
-0.0194213 -0.0254939 0 0 0 -5.63018 
0.0538318 -0.00718535 0 0 0 16.5056 
0.013479 -0.00163716 0 0 0 16.9091 
0.0112124 -0.0386421 0 0 0 13.0492 
-0.028423 -0.00586883 0 0 0 -13.7836 
0.0503652 0.017403 0 0 0 -6.09815 
0.0238985 -0.0210679 0 0 0 -12.4226 
0.00108924 0.00651622 0 0 0 -2.68484 
0.0115427 -0.00470557 0 0 0 -2.65681 
-0.0108394 0.0525791 0 0 0 -14.0934 
-0.00861701 0.0088394 0 0 0 15.434 
0.0504817 0.0400405 0 0 0 4.60676 
-0.0206677 0.0112621 0 0 0 -8.08993 
-0.0961893 0.00523421 0 0 0 9.21454 
-0.0118942 -0.0371156 0 0 0 -9.69947 
0.0160869 -0.0163239 0 0 0 2.06741 
-0.0112645 -0.0101511 0 0 0 9.42092 
0.0122814 0.0169308 0 0 0 -4.13205 
-0.0307695 0.0408726 0 0 0 -0.58294 
-0.0544739 0.0338054 0 0 0 -10.2736 
-0.0743148 0.024028 0 0 0 14.357 
0.0192724 0.0477978 0 0 0 0.454463 
-0.016279 -0.07362 0 0 0 2.59536 
0.0698714 -0.0173601 0 0 0 -20.3516 
-0.0266386 -0.00741084 0 0 0 -1.23725 
-0.0128168 0.00828099 0 0 0 -11.5367 
0.0209126 0.0121966 0 0 0 -8.18664 
-0.00208112 0.00985576 0 0 0 -26.0308 
-0.0699546 -0.0409479 0 0 0 -20.3739 
0.0378105 -0.0111147 0 0 0 3.05084 
0.0287032 -0.0214547 0 0 0 11.1825 
0.010469 -0.0272362 0 0 0 25.7616 
0.0601494 -0.0068745 0 0 0 13.4468 
0.0204584 -0.0406279 0 0 0 -2.12227 
0.015639 -0.0496191 0 0 0 -7.1184 
0.0368961 -0.00113235 0 0 0 -8.76362 
0.0285381 -0.0296696 0 0 0 8.73356 
0.0225046 -0.021742 0 0 0 -11.5551 
0.0274576 -0.00948921 0 0 0 -0.181856 
-0.030775 -0.0249088 0 0 0 6.14871 
0.0106991 0.0152383 0 0 0 18.7629 
-0.0271731 0.0604139 0 0 0 -8.43868 
-0.0266683 0.0390899 0 0 0 7.09071 
0.0184627 0.0231424 0 0 0 7.23455 
-0.0426115 0.0384675 0 0 0 -0.450138 
0.0407187 0.032552 0 0 0 -1.04884 
0.0342146 -0.0834464 0 0 0 -14.4491 
0.0169025 0.0135444 0 0 0 -1.70553 
0.00548812 -0.013354 0 0 0 -0.611101 
-0.0168806 0.0491815 0 0 0 -4.5136 
0.0338163 0.00368081 0 0 0 -13.2164 
-0.0135119 0.0113057 0 0 0 -2.10632 
-0.0385983 0.0197683 0 0 0 4.26371 
0.00129702 -0.0671279 0 0 0 -3.73452 
-0.0131689 -0.0423774 0 0 0 2.23544 
-0.0561652 0.0330752 0 0 0 -10.0913 
0.0456991 0.00165491 0 0 0 4.22072 
0.0259702 0.03784 0 0 0 6.04992 
0.0400543 0.0132261 0 0 0 15.5159 
-0.0287158 0.0483639 0 0 0 -23.351 
-0.000839598 0.00296859 0 0 0 -2.53366 
0.0325463 -0.0198063 0 0 0 -18.4217 
0.00630604 -0.0115252 0 0 0 -11.6343 
0.0461476 -0.0193857 0 0 0 -4.90428 
0.0457316 0.00794782 0 0 0 -5.66361 
0.00805893 -0.0276947 0 0 0 -2.16213 
0.0940104 0.0451873 0 0 0 -4.58506 
-0.0164118 -0.00180575 0 0 0 -0.322536 
0.0249373 -0.0121487 0 0 0 0.222696 
0.0300073 -0.0580038 0 0 0 -4.61406 
0.0665635 -0.0257997 0 0 0 -10.8414 
-0.0314077 0.0144118 0 0 0 19.5596 
-0.00930333 0.0683134 0 0 0 0.742558 
-0.0107605 0.00667204 0 0 0 2.8599 
0.0207717 -0.0568051 0 0 0 9.92844 
-0.0260594 -0.00453475 0 0 0 3.23842 
-0.0159248 -0.0484443 0 0 0 0.0510917 
0.00936976 0.012726 0 0 0 -2.36436 
-0.00174429 0.0476333 0 0 0 7.07849 
0.0172372 0.0505836 0 0 0 5.65691 
0.0517105 -0.00742235 0 0 0 -1.64739 
-0.00642554 0.022442 0 0 0 1.97709 
-0.02568 0.0109377 0 0 0 -1.75964 
-0.000984211 0.0174248 0 0 0 19.6276 
0.0241267 0.00804695 0 0 0 3.61111 
-0.00906808 0.0110436 0 0 0 -2.18916 
0.00604624 -0.0178189 0 0 0 -13.6224 
-0.0106892 0.0100242 0 0 0 -5.89763 
-0.0345321 -0.0484635 0 0 0 1.74924 
0.0108957 -0.0321152 0 0 0 -0.156551 
-0.0203645 0.016904 0 0 0 -10.5963 
-0.00582002 0.031826 0 0 0 13.7124 
0.0145596 0.00104732 0 0 0 -4.29712 
-0.00856724 0.041517 0 0 0 -7.96244 
0.0472005 0.0540128 0 0 0 -16.5658 
-0.0411765 0.0284317 0 0 0 13.9229 
-0.0416269 0.0062801 0 0 0 -9.75178 
-0.0516177 0.0161625 0 0 0 -6.73929 
0.00900173 0.00958591 0 0 0 -8.95297 
-0.0247188 0.0503195 0 0 0 -0.691012 
-0.00794997 0.0351876 0 0 0 -13.6668 
-0.00315735 -0.0740414 0 0 0 17.5491 
0.0566549 -0.0633954 0 0 0 -7.26326 
-0.0311782 -0.00656008 0 0 0 15.4214 
0.0243772 0.0425154 0 0 0 6.07517 
0.0266907 0.0297813 0 0 0 7.13312 
-0.0450033 -0.00409175 0 0 0 11.5451 
0.00404436 -0.00233958 0 0 0 -4.40542 
0.0601325 -0.0245685 0 0 0 1.51263 
-0.0262713 0.0388428 0 0 0 4.2526 
-0.0315711 0.031412 0 0 0 4.71374 
-0.0172979 -0.00615397 0 0 0 -21.2539 
-0.00383764 -0.00167017 0 0 0 -3.26313 
-0.0349593 0.0110422 0 0 0 -3.92114 
-0.003728 0.0318248 0 0 0 -9.42789 
0.0196458 0.0190457 0 0 0 8.86101 
0.0226839 -0.0458557 0 0 0 -4.5937 
-0.013975 0.0150359 0 0 0 -0.196466 
-0.0165854 -0.0236417 0 0 0 9.56741 
-0.0328788 -0.0197032 0 0 0 -9.40438 
-0.0308257 -0.0322314 0 0 0 1.18003 
0.00704254 0.0164742 0 0 0 23.5503 
0.0578936 0.0133948 0 0 0 24.9151 
-0.0418655 0.0264615 0 0 0 -7.78449 
0.00878565 -0.0579602 0 0 0 -5.48861 
0.00581123 -0.0156355 0 0 0 15.4867 
-0.0241061 0.0284126 0 0 0 11.9323 
0.0299211 0.00193622 0 0 0 -2.93285 
-0.00209761 0.0412189 0 0 0 1.07182 
0.038331 -0.0334914 0 0 0 5.87864 
0.0251244 -0.0838336 0 0 0 -6.28379 
-0.00717911 -0.0102463 0 0 0 -14.3311 
0.0289974 0.00648529 0 0 0 1.51079 
-0.0406052 -0.0015619 0 0 0 -6.99204 
0.0390753 -0.000140729 0 0 0 9.68842 
-0.046163 -0.00987024 0 0 0 -4.57853 
0.00190449 -0.0204366 0 0 0 -13.2831 
-0.0324304 -0.0185658 0 0 0 11.7491 
-0.0187193 -0.0314794 0 0 0 -17.6728 
0.000963044 0.0585638 0 0 0 16.7854 
0.0375732 0.0119525 0 0 0 -7.6474 
-0.0342947 0.0102565 0 0 0 -8.04183 
0.0135607 0.0230152 0 0 0 5.51628 
-0.0123977 0.0134316 0 0 0 -5.06175 
-0.00192177 -0.00656381 0 0 0 1.70384 
-0.0163784 -0.0175744 0 0 0 5.44018 
-0.0387728 0.0155954 0 0 0 2.20844 
-0.0149842 0.0175718 0 0 0 7.13949 
-0.0462963 -0.00313785 0 0 0 6.90274 
0.0146446 0.0286163 0 0 0 0.911197 
-0.0612086 -0.00732685 0 0 0 13.0579 
-0.0542245 -0.0154608 0 0 0 -7.047 
0.0459622 -0.0282983 0 0 0 -14.4668 
-0.0122107 -0.0222933 0 0 0 8.81643 
0.00971651 0.0427043 0 0 0 -4.4048 
-0.0160266 0.0423115 0 0 0 -12.9117 
0.0420136 0.0466797 0 0 0 -3.87866 
-0.00345933 0.0508475 0 0 0 0.367657 
-0.0290734 -0.0041022 0 0 0 10.3009 
-0.0129688 0.021044 0 0 0 8.13063 
0.00332721 -0.0172451 0 0 0 -6.17524 
-0.0114825 -0.0599285 0 0 0 -13.7371 
-0.00624662 -0.0135822 0 0 0 -2.95107 
0.0349055 0.00683903 0 0 0 -8.42108 
-0.00882437 -0.0390489 0 0 0 -6.38557 
0.0217752 0.00311928 0 0 0 -36.6908 
-0.0334488 -0.00459797 0 0 0 7.46343 
0.0103971 -0.0175226 0 0 0 -2.31374 
0.0231005 -0.0276701 0 0 0 6.21825 
-0.0492564 0.0410697 0 0 0 -10.6262 
-0.0564673 -0.0207623 0 0 0 -17.7857 
-0.00193262 -0.0267407 0 0 0 0.201357 
-0.014593 -0.0029821 0 0 0 10.5645 
-0.00675041 0.0624812 0 0 0 7.79522 
-0.00333167 0.00785985 0 0 0 11.6904 
-0.0151553 -0.0130104 0 0 0 -14.4328 
0.00474724 -0.0011508 0 0 0 0.390072 
0.00179975 0.00963789 0 0 0 -8.54187 
-0.0131994 0.0532776 0 0 0 -8.37062 
-0.0234759 -0.0292361 0 0 0 -13.7251 
-0.0612071 0.018735 0 0 0 4.53598 
0.0086614 0.0264258 0 0 0 -1.90771 
-0.0507831 8.11265e-005 0 0 0 -1.04634 
-0.0136167 -0.00420353 0 0 0 3.25129 
-0.0105368 -0.00555211 0 0 0 -9.66908 
0.0137243 0.0193774 0 0 0 4.28793 
0.0183709 -0.0303524 0 0 0 -8.86231 
0.0117916 -0.0214549 0 0 0 4.53008 
0.00575197 -0.0325352 0 0 0 -8.26328 
-0.0342673 0.0108092 0 0 0 -6.49109 
-0.0105125 -0.0384239 0 0 0 -7.36497 
-6.78092e-005 -0.0428638 0 0 0 18.4714 
0.0379887 0.00220901 0 0 0 0.211246 
0.031728 0.0256449 0 0 0 -12.1361 
0.0160517 -0.0464651 0 0 0 4.70985 
-0.00368574 0.0516869 0 0 0 7.37262 
-0.0175847 -0.0144728 0 0 0 1.59019 
0.004495 0.0397146 0 0 0 -0.17963 
-0.00805787 -0.0074104 0 0 0 -14.4448 
-0.0217938 -0.0208422 0 0 0 -1.9463 
-0.0129286 0.039547 0 0 0 10.7388 
-0.00725137 -0.0329327 0 0 0 10.5891 
0.00302436 -0.0335898 0 0 0 2.9914 
0.00561177 -0.00466358 0 0 0 0.22039 
0.0252083 -0.0066799 0 0 0 21.1798 
-0.0290273 -0.0230372 0 0 0 -18.538 
0.0483016 0.0621856 0 0 0 -0.238497 
0.0225226 0.00590876 0 0 0 -13.9797 
-0.0895007 -0.00241061 0 0 0 -2.87507 
0.0143558 0.0175965 0 0 0 -6.69122 
-0.0171993 0.0268911 0 0 0 -1.36131 
0.0576328 -0.037906 0 0 0 -3.77789 
-0.0118432 -0.0129601 0 0 0 -2.20636 
0.0467956 -0.034624 0 0 0 -0.856376 
0.0315109 -0.0395021 0 0 0 -13.2161 
-0.00867143 -0.0158387 0 0 0 -5.23481 
0.00526347 -0.00297595 0 0 0 -1.56562 
0.0232447 0.0089054 0 0 0 -0.123815 
-0.0191294 0.00350811 0 0 0 -1.96733 
0.0337387 0.0307576 0 0 0 -4.61719 
0.0515382 0.00539393 0 0 0 -2.73738 
0.0106191 0.048829 0 0 0 -4.86289 
0.00676543 0.0480908 0 0 0 -7.69895 
-0.0173982 0.0143938 0 0 0 -13.0918 
-0.0149736 0.0268506 0 0 0 -3.47429 
